Sample	Sense	Antisense	Undetermined
SRR2155413	44.96	43.669999999999995	11.37
SRR2155414	45.07	43.730000000000004	11.200000000000001
SRR2155415	45.01	44.11	10.870000000000001
SRR2155416	45.75	44.54	9.700000000000001
SRR2155417	45.23	43.85	10.92
SRR2155418	44.99	44.14	10.870000000000001
SRR2155419	44.72	43.59	11.690000000000001
SRR2155420	45.56	43.78	10.66
SRR2155421	45.37	44.4	10.23
SRR2155422	45.43	44.55	10.02
SRR2155423	45.01	43.89	11.1
SRR2155424	45.08	44.22	10.7
